# Spherical Bessel functions via up and down recursion
0.100000000000 7.271510996714e-21 -5.646698220813e+02
0.200000000000 7.441172528051e-18 -1.371593364500e-01
0.300000000000 4.286292970560e-16 3.908255790907e-04
0.400000000000 7.599905487801e-15 -3.662896398665e-04
0.500000000000 7.064123963662e-14 -2.153572674324e-05
0.600000000000 4.363466946970e-13 3.815484341554e-06
0.700000000000 2.032690813659e-12 -7.701172349953e-07
0.800000000000 7.701462808418e-12 -3.546635072842e-07
0.900000000000 2.491675128449e-11 2.769320684278e-08
1.000000000000 7.116552640047e-11 4.001014853346e-08
1.100000000000 1.837426794263e-10 5.860302284126e-09
1.200000000000 4.364345826223e-10 -4.876726162339e-09
1.300000000000 9.664368164625e-10 -1.533026703125e-09
1.400000000000 2.015872411662e-09 2.260300546156e-09
1.500000000000 3.993440699484e-09 3.449675234300e-09
1.600000000000 7.563022131425e-09 7.336672749299e-09
1.700000000000 1.376747420141e-08 1.372920403310e-08
1.800000000000 2.419735543954e-08 2.419953470229e-08
1.900000000000 4.121588066444e-08 4.128500793822e-08
2.000000000000 6.825300864975e-08 6.834199102436e-08
2.100000000000 1.101831559004e-07 1.101868597919e-07
2.200000000000 1.738025761244e-07 1.738001158513e-07
2.300000000000 2.684238995677e-07 2.684388372317e-07
2.400000000000 4.066066422523e-07 4.066091553403e-07
2.500000000000 6.050436229639e-07 6.050455909407e-07
2.600000000000 8.856241150972e-07 8.856258411997e-07
2.700000000000 1.276695160530e-06 1.276698377607e-06
2.800000000000 1.814542733631e-06 1.814542831959e-06
2.900000000000 2.545114317201e-06 2.545113721273e-06
3.000000000000 3.526003893175e-06 3.526002897773e-06
3.100000000000 4.828719317715e-06 4.828719593998e-06
3.200000000000 6.541250506097e-06 6.541250770453e-06
3.300000000000 8.770954766466e-06 8.770954839112e-06
3.400000000000 1.164777296879e-05 1.164777266183e-05
3.500000000000 1.532778699940e-05 1.532778723723e-05
3.600000000000 1.999712512398e-05 1.999712513428e-05
3.700000000000 2.587621746329e-05 2.587621748157e-05
3.800000000000 3.322439878664e-05 3.322439880174e-05
3.900000000000 4.234485026902e-05 4.234485021000e-05
4.000000000000 5.358986576863e-05 5.358986580451e-05
4.100000000000 6.736642160562e-05 6.736642166344e-05
4.200000000000 8.414202181097e-05 8.414202185061e-05
4.300000000000 1.044507834309e-04 1.044507834213e-04
4.400000000000 1.288997187895e-04 1.288997187805e-04
4.500000000000 1.581751637146e-04 1.581751637157e-04
4.600000000000 1.930492927115e-04 1.930492927181e-04
4.700000000000 2.343866540299e-04 2.343866540278e-04
4.800000000000 2.831506496140e-04 2.831506496187e-04
4.900000000000 3.404098771809e-04 3.404098771836e-04
5.000000000000 4.073442442495e-04 4.073442442525e-04
5.100000000000 4.852507569730e-04 4.852507569735e-04
5.200000000000 5.755488802379e-04 5.755488802353e-04
5.300000000000 6.797853598140e-04 6.797853598176e-04
5.400000000000 7.996383925006e-04 7.996383924974e-04
5.500000000000 9.369210263386e-04 9.369210263375e-04
5.600000000000 1.093583670176e-03 1.093583670177e-03
5.700000000000 1.271715590294e-03 1.271715590293e-03
5.800000000000 1.473545271542e-03 1.473545271540e-03
5.900000000000 1.701439521584e-03 1.701439521583e-03
6.000000000000 1.957901199507e-03 1.957901199506e-03
6.100000000000 2.245565454314e-03 2.245565454314e-03
6.200000000000 2.567194364665e-03 2.567194364665e-03
6.300000000000 2.925669878837e-03 2.925669878837e-03
6.400000000000 3.323984963150e-03 3.323984963150e-03
6.500000000000 3.765232878114e-03 3.765232878114e-03
6.600000000000 4.252594514290e-03 4.252594514289e-03
6.700000000000 4.789323734271e-03 4.789323734271e-03
6.800000000000 5.378730683229e-03 5.378730683229e-03
6.900000000000 6.024163048075e-03 6.024163048075e-03
7.000000000000 6.728985264346e-03 6.728985264346e-03
7.100000000000 7.496555690336e-03 7.496555690336e-03
7.200000000000 8.330201789584e-03 8.330201789584e-03
7.300000000000 9.233193385498e-03 9.233193385498e-03
7.400000000000 1.020871407538e-02 1.020871407538e-02
7.500000000000 1.125983091529e-02 1.125983091529e-02
7.600000000000 1.238946251180e-02 1.238946251180e-02
7.700000000000 1.360034568149e-02 1.360034568149e-02
7.800000000000 1.489500086374e-02 1.489500086374e-02
7.900000000000 1.627569649707e-02 1.627569649707e-02
8.000000000000 1.774441259272e-02 1.774441259272e-02
8.100000000000 1.930280376270e-02 1.930280376270e-02
8.200000000000 2.095216198101e-02 2.095216198101e-02
8.300000000000 2.269337937751e-02 2.269337937751e-02
8.400000000000 2.452691138233e-02 2.452691138233e-02
8.500000000000 2.645274055589e-02 2.645274055589e-02
8.600000000000 2.847034145368e-02 2.847034145368e-02
8.700000000000 3.057864688724e-02 3.057864688724e-02
8.800000000000 3.277601595187e-02 3.277601595187e-02
8.900000000000 3.506020419776e-02 3.506020419776e-02
9.000000000000 3.742833632431e-02 3.742833632431e-02
9.100000000000 3.987688177689e-02 3.987688177689e-02
9.200000000000 4.240163362156e-02 4.240163362156e-02
9.300000000000 4.499769106523e-02 4.499769106523e-02
9.400000000000 4.765944597760e-02 4.765944597760e-02
9.500000000000 5.038057375584e-02 5.038057375584e-02
9.600000000000 5.315402885351e-02 5.315402885351e-02
9.700000000000 5.597204527253e-02 5.597204527253e-02
9.800000000000 5.882614228962e-02 5.882614228962e-02
9.900000000000 6.170713565825e-02 6.170713565825e-02
10.000000000000 6.460515449256e-02 6.460515449256e-02
10.100000000000 6.750966400209e-02 6.750966400209e-02
10.200000000000 7.040949420471e-02 7.040949420471e-02
10.300000000000 7.329287470154e-02 7.329287470154e-02
10.400000000000 7.614747555021e-02 7.614747555021e-02
10.500000000000 7.896045422394e-02 7.896045422394e-02
10.600000000000 8.171850859239e-02 8.171850859239e-02
10.700000000000 8.440793580712e-02 8.440793580712e-02
10.800000000000 8.701469692048e-02 8.701469692048e-02
10.900000000000 8.952448701133e-02 8.952448701133e-02
11.000000000000 9.192281053576e-02 9.192281053576e-02
11.100000000000 9.419506156565e-02 9.419506156565e-02
11.200000000000 9.632660852330e-02 9.632660852330e-02
11.300000000000 9.830288296681e-02 9.830288296681e-02
11.400000000000 1.001094719294e-01 1.001094719294e-01
11.500000000000 1.017322132662e-01 1.017322132662e-01
11.600000000000 1.031572934149e-01 1.031572934149e-01
11.700000000000 1.043713469351e-01 1.043713469351e-01
11.800000000000 1.053615571474e-01 1.053615571474e-01
11.900000000000 1.061157571640e-01 1.061157571640e-01
12.000000000000 1.066225305655e-01 1.066225305655e-01
12.100000000000 1.068713109583e-01 1.068713109583e-01
12.200000000000 1.068524796238e-01 1.068524796238e-01
12.300000000000 1.065574604581e-01 1.065574604581e-01
12.400000000000 1.059788113939e-01 1.059788113939e-01
12.500000000000 1.051103114928e-01 1.051103114928e-01
12.600000000000 1.039470429046e-01 1.039470429046e-01
12.700000000000 1.024854669007e-01 1.024854669007e-01
12.800000000000 1.007234932094e-01 1.007234932094e-01
12.900000000000 9.866054190776e-02 9.866054190776e-02
13.000000000000 9.629759715657e-02 9.629759715657e-02
13.100000000000 9.363725210913e-02 9.363725210913e-02
13.200000000000 9.068374436865e-02 9.068374436865e-02
13.300000000000 8.744298142579e-02 8.744298142579e-02
13.400000000000 8.392255556754e-02 8.392255556754e-02
13.500000000000 8.013174781556e-02 8.013174781556e-02
13.600000000000 7.608152052455e-02 7.608152052455e-02
13.700000000000 7.178449834872e-02 7.178449834872e-02
13.800000000000 6.725493736665e-02 6.725493736665e-02
13.900000000000 6.250868224133e-02 6.250868224133e-02
14.000000000000 5.756311138156e-02 5.756311138156e-02
14.100000000000 5.243707016410e-02 5.243707016410e-02
14.200000000000 4.715079236996e-02 4.715079236996e-02
14.300000000000 4.172581008460e-02 4.172581008460e-02
14.400000000000 3.618485240839e-02 3.618485240839e-02
14.500000000000 3.055173341955e-02 3.055173341955e-02
14.600000000000 2.485122992736e-02 2.485122992736e-02
14.700000000000 1.910894964656e-02 1.910894964656e-02
14.800000000000 1.335119051413e-02 1.335119051413e-02
14.900000000000 7.604791957001e-03 7.604791957001e-03
15.000000000000 1.896979001090e-03 1.896979001090e-03
15.100000000000 -3.744799810030e-03 -3.744799810030e-03
15.200000000000 -9.293039647793e-03 -9.293039647793e-03
15.300000000000 -1.472035067876e-02 -1.472035067876e-02
15.400000000000 -1.999963223135e-02 -1.999963223135e-02
15.500000000000 -2.510424863938e-02 -2.510424863938e-02
15.600000000000 -3.000820551212e-02 -3.000820551212e-02
15.700000000000 -3.468632514962e-02 -3.468632514962e-02
15.800000000000 -3.911441980056e-02 -3.911441980056e-02
15.900000000000 -4.326946144838e-02 -4.326946144838e-02
16.000000000000 -4.712974681063e-02 -4.712974681063e-02
16.100000000000 -5.067505624589e-02 -5.067505624589e-02
16.200000000000 -5.388680528287e-02 -5.388680528287e-02
16.300000000000 -5.674818751762e-02 -5.674818751762e-02
16.400000000000 -5.924430766645e-02 -5.924430766645e-02
16.500000000000 -6.136230361444e-02 -6.136230361444e-02
16.600000000000 -6.309145636261e-02 -6.309145636261e-02
16.700000000000 -6.442328684937e-02 -6.442328684937e-02
16.800000000000 -6.535163870444e-02 -6.535163870444e-02
16.900000000000 -6.587274608508e-02 -6.587274608508e-02
17.000000000000 -6.598528584466e-02 -6.598528584466e-02
17.100000000000 -6.569041339153e-02 -6.569041339153e-02
17.200000000000 -6.499178171126e-02 -6.499178171126e-02
17.300000000000 -6.389554314687e-02 -6.389554314687e-02
17.400000000000 -6.241033365800e-02 -6.241033365800e-02
17.500000000000 -6.054723941178e-02 -6.054723941178e-02
17.600000000000 -5.831974569181e-02 -5.831974569181e-02
17.700000000000 -5.574366824944e-02 -5.574366824944e-02
17.800000000000 -5.283706735890e-02 -5.283706735890e-02
17.900000000000 -4.962014497631e-02 -4.962014497631e-02
18.000000000000 -4.611512553980e-02 -4.611512553980e-02
18.100000000000 -4.234612108272e-02 -4.234612108272e-02
18.200000000000 -3.833898146346e-02 -3.833898146346e-02
18.300000000000 -3.412113064269e-02 -3.412113064269e-02
18.400000000000 -2.972139005999e-02 -2.972139005999e-02
18.500000000000 -2.516979027654e-02 -2.516979027654e-02
18.600000000000 -2.049737215784e-02 -2.049737215784e-02
18.700000000000 -1.573597896788e-02 -1.573597896788e-02
18.800000000000 -1.091804083535e-02 -1.091804083535e-02
18.900000000000 -6.076353129770e-03 -6.076353129770e-03
19.000000000000 -1.243850352044e-03 -1.243850352044e-03
19.100000000000 3.546622801532e-03 3.546622801532e-03
19.200000000000 8.262541501444e-03 8.262541501444e-03
19.300000000000 1.287193024427e-02 1.287193024427e-02
19.400000000000 1.734358996533e-02 1.734358996533e-02
19.500000000000 2.164732106015e-02 2.164732106015e-02
19.600000000000 2.575414058307e-02 2.575414058307e-02
19.700000000000 2.963649191924e-02 2.963649191924e-02
19.800000000000 3.326844526731e-02 3.326844526731e-02
19.900000000000 3.662588732568e-02 3.662588732568e-02
20.000000000000 3.968669864463e-02 3.968669864463e-02
20.100000000000 4.243091718832e-02 4.243091718832e-02
20.200000000000 4.484088674641e-02 4.484088674641e-02
20.300000000000 4.690138894141e-02 4.690138894141e-02
20.400000000000 4.859975769687e-02 4.859975769687e-02
20.500000000000 4.992597515977e-02 4.992597515977e-02
20.600000000000 5.087274820911e-02 5.087274820911e-02
20.700000000000 5.143556482906e-02 5.143556482906e-02
20.800000000000 5.161272977911e-02 5.161272977911e-02
20.900000000000 5.140537915361e-02 5.140537915361e-02
21.000000000000 5.081747358787e-02 5.081747358787e-02
21.100000000000 4.985577003615e-02 4.985577003615e-02
21.200000000000 4.852977221727e-02 4.852977221727e-02
21.300000000000 4.685165999452e-02 4.685165999452e-02
21.400000000000 4.483619812681e-02 4.483619812681e-02
21.500000000000 4.250062499613e-02 4.250062499613e-02
21.600000000000 3.986452208074e-02 3.986452208074e-02
21.700000000000 3.694966510325e-02 3.694966510325e-02
21.800000000000 3.377985793547e-02 3.377985793547e-02
21.900000000000 3.038075048769e-02 3.038075048769e-02
22.000000000000 2.677964194612e-02 2.677964194612e-02
22.100000000000 2.300527084851e-02 2.300527084851e-02
22.200000000000 1.908759360265e-02 1.908759360265e-02
22.300000000000 1.505755315495e-02 1.505755315495e-02
22.400000000000 1.094683960515e-02 1.094683960515e-02
22.500000000000 6.787644638068e-03 6.787644638068e-03
22.600000000000 2.612411703096e-03 2.612411703096e-03
22.700000000000 -1.546416083717e-03 -1.546416083717e-03
22.800000000000 -5.656648311779e-03 -5.656648311779e-03
22.900000000000 -9.686597907435e-03 -9.686597907435e-03
23.000000000000 -1.360532801475e-02 -1.360532801475e-02
23.100000000000 -1.738289313707e-02 -1.738289313707e-02
23.200000000000 -2.099057258892e-02 -2.099057258892e-02
23.300000000000 -2.440109436254e-02 -2.440109436254e-02
23.400000000000 -2.758884758362e-02 -2.758884758362e-02
23.500000000000 -3.053008181734e-02 -3.053008181734e-02
23.600000000000 -3.320309158647e-02 -3.320309158647e-02
23.700000000000 -3.558838457884e-02 -3.558838457884e-02
23.800000000000 -3.766883214984e-02 -3.766883214984e-02
23.900000000000 -3.942980086612e-02 -3.942980086612e-02
24.000000000000 -4.085926398890e-02 -4.085926398890e-02
24.100000000000 -4.194789195663e-02 -4.194789195663e-02
24.200000000000 -4.268912109730e-02 -4.268912109730e-02
24.300000000000 -4.307919997811e-02 -4.307919997811e-02
24.400000000000 -4.311721298328e-02 -4.311721298328e-02
24.500000000000 -4.280508089829e-02 -4.280508089829e-02
24.600000000000 -4.214753846867e-02 -4.214753846867e-02
24.700000000000 -4.115208909243e-02 -4.115208909243e-02
24.800000000000 -3.982893699551e-02 -3.982893699551e-02
24.900000000000 -3.819089742778e-02 -3.819089742778e-02
25.000000000000 -3.625328560113e-02 -3.625328560113e-02
25.100000000000 -3.403378526995e-02 -3.403378526995e-02
25.200000000000 -3.155229802624e-02 -3.155229802624e-02
25.300000000000 -2.883077454443e-02 -2.883077454443e-02
25.400000000000 -2.589302916440e-02 -2.589302916440e-02
25.500000000000 -2.276453934344e-02 -2.276453934344e-02
25.600000000000 -1.947223163670e-02 -1.947223163670e-02
25.700000000000 -1.604425598203e-02 -1.604425598203e-02
25.800000000000 -1.250975016565e-02 -1.250975016565e-02
25.900000000000 -8.898596430547e-03 -8.898596430547e-03
26.000000000000 -5.241172258384e-03 -5.241172258384e-03
26.100000000000 -1.568097407194e-03 -1.568097407194e-03
26.200000000000 2.090020678397e-03 2.090020678397e-03
26.300000000000 5.702840951806e-03 5.702840951806e-03
26.400000000000 9.240540213190e-03 9.240540213190e-03
26.500000000000 1.267405981166e-02 1.267405981166e-02
26.600000000000 1.597534552869e-02 1.597534552869e-02
26.700000000000 1.911757862638e-02 1.911757862638e-02
26.800000000000 2.207539611783e-02 2.207539611783e-02
26.900000000000 2.482509840670e-02 2.482509840670e-02
27.000000000000 2.734484254960e-02 2.734484254960e-02
27.100000000000 2.961481951612e-02 2.961481951612e-02
27.200000000000 3.161741395673e-02 3.161741395673e-02
27.300000000000 3.333734513757e-02 3.333734513757e-02
27.400000000000 3.476178786111e-02 3.476178786111e-02
27.500000000000 3.588047236233e-02 3.588047236233e-02
27.600000000000 3.668576234994e-02 3.668576234994e-02
27.700000000000 3.717271054861e-02 3.717271054861e-02
27.800000000000 3.733909129117e-02 3.733909129117e-02
27.900000000000 3.718540990657e-02 3.718540990657e-02
28.000000000000 3.671488884845e-02 3.671488884845e-02
28.100000000000 3.593343070906e-02 3.593343070906e-02
28.200000000000 3.484955846223e-02 3.484955846223e-02
28.300000000000 3.347433347476e-02 3.347433347476e-02
28.400000000000 3.182125201745e-02 3.182125201745e-02
28.500000000000 2.990612119186e-02 2.990612119186e-02
28.600000000000 2.774691536658e-02 2.774691536658e-02
28.700000000000 2.536361438471e-02 2.536361438471e-02
28.800000000000 2.277802496128e-02 2.277802496128e-02
28.900000000000 2.001358683443e-02 2.001358683443e-02
29.000000000000 1.709516536533e-02 1.709516536533e-02
29.100000000000 1.404883239832e-02 1.404883239832e-02
29.200000000000 1.090163729385e-02 1.090163729385e-02
29.300000000000 7.681370130650e-03 7.681370130650e-03
29.400000000000 4.416319140411e-03 4.416319140411e-03
29.500000000000 1.135024487072e-03 1.135024487072e-03
29.600000000000 -2.133969467176e-03 -2.133969467176e-03
29.700000000000 -5.362361255430e-03 -5.362361255430e-03
29.800000000000 -8.522336612865e-03 -8.522336612865e-03
29.900000000000 -1.158680787668e-02 -1.158680787668e-02
30.000000000000 -1.452964640390e-02 -1.452964640390e-02
30.100000000000 -1.732590599487e-02 -1.732590599487e-02
30.200000000000 -1.995203539070e-02 -1.995203539070e-02
30.300000000000 -2.238607801099e-02 -2.238607801099e-02
30.400000000000 -2.460785721158e-02 -2.460785721158e-02
30.500000000000 -2.659914547108e-02 -2.659914547108e-02
30.600000000000 -2.834381605797e-02 -2.834381605797e-02
30.700000000000 -2.982797588533e-02 -2.982797588533e-02
30.800000000000 -3.104007842744e-02 -3.104007842743e-02
30.900000000000 -3.197101574918e-02 -3.197101574918e-02
31.000000000000 -3.261418888428e-02 -3.261418888427e-02
31.100000000000 -3.296555599008e-02 -3.296555599007e-02
31.200000000000 -3.302365790344e-02 -3.302365790342e-02
31.300000000000 -3.278962092207e-02 -3.278962092202e-02
31.400000000000 -3.226713683728e-02 -3.226713683679e-02
31.500000000000 -3.146242044202e-02 -3.146242044214e-02
31.600000000000 -3.038414494934e-02 -3.038414494941e-02
31.700000000000 -2.904335592390e-02 -2.904335592396e-02
31.800000000000 -2.745336455533e-02 -2.745336455539e-02
31.900000000000 -2.562962125232e-02 -2.562962125238e-02
32.000000000000 -2.358957072637e-02 -2.358957072643e-02
32.100000000000 -2.135248989120e-02 -2.135248989127e-02
32.200000000000 -1.893931005494e-02 -1.893931005502e-02
32.300000000000 -1.637242501923e-02 -1.637242501932e-02
32.400000000000 -1.367548682228e-02 -1.367548682239e-02
32.500000000000 -1.087319096952e-02 -1.087319096966e-02
32.600000000000 -7.991053086089e-03 -7.991053086250e-03
32.700000000000 -5.055178998455e-03 -5.055178998653e-03
32.800000000000 -2.092030307372e-03 -2.092030307617e-03
32.900000000000 8.718124490721e-04 8.718124487670e-04
33.000000000000 3.809886925851e-03 3.809886925466e-03
33.100000000000 6.696084279665e-03 6.696084279177e-03
33.200000000000 9.504880560954e-03 9.504880560329e-03
33.300000000000 1.221156213327e-02 1.221156213246e-02
33.400000000000 1.479244312141e-02 1.479244312035e-02
33.500000000000 1.722507296496e-02 1.722507296357e-02
33.600000000000 1.948843224622e-02 1.948843224436e-02
33.700000000000 2.156311507029e-02 2.156311506777e-02
33.800000000000 2.343149639906e-02 2.343149639559e-02
33.900000000000 2.507788287922e-02 2.507788287435e-02
34.000000000000 2.648864585542e-02 2.648864584839e-02
34.100000000000 2.765233542269e-02 2.765233541219e-02
34.200000000000 2.855977454513e-02 2.855977452863e-02
34.300000000000 2.920413244957e-02 2.920413242138e-02
34.400000000000 2.958097669475e-02 2.958097663790e-02
34.500000000000 2.968830356520e-02 2.968830337274e-02
34.600000000000 2.952654551489e-02 2.952654583774e-02
34.700000000000 2.909856054453e-02 2.909856066404e-02
34.800000000000 2.840959243182e-02 2.840959251920e-02
34.900000000000 2.746721724159e-02 2.746721731874e-02
35.000000000000 2.628126452935e-02 2.628126460399e-02
35.100000000000 2.486371976907e-02 2.486371984534e-02
35.200000000000 2.322860752851e-02 2.322860760938e-02
35.300000000000 2.139185661175e-02 2.139185669984e-02
35.400000000000 1.937114844460e-02 1.937114854259e-02
35.500000000000 1.718575012304e-02 1.718575023390e-02
35.600000000000 1.485633367982e-02 1.485633380703e-02
35.700000000000 1.240478324549e-02 1.240478339327e-02
35.800000000000 9.853991886153e-03 9.853992059744e-03
35.900000000000 7.227649989661e-03 7.227650195621e-03
36.000000000000 4.550027144257e-03 4.550027390941e-03
36.100000000000 1.845749508385e-03 1.845749806536e-03
36.200000000000 -8.604252935742e-04 -8.604249299918e-04
36.300000000000 -3.543833697104e-03 -3.543833249741e-03
36.400000000000 -6.180130093523e-03 -6.180129537978e-03
36.500000000000 -8.745507064508e-03 -8.745506367900e-03
36.600000000000 -1.121690996193e-02 -1.121690907926e-02
36.700000000000 -1.357224389617e-02 -1.357224276477e-02
36.800000000000 -1.579057127043e-02 -1.579056980108e-02
36.900000000000 -1.785229808966e-02 -1.785229615198e-02
37.000000000000 -1.973934738128e-02 -1.973934477825e-02
37.100000000000 -2.143531818947e-02 -2.143531461030e-02
37.200000000000 -2.292562875060e-02 -2.292562367548e-02
37.300000000000 -2.419764263581e-02 -2.419763512029e-02
37.400000000000 -2.524077693000e-02 -2.524076502695e-02
37.500000000000 -2.604659236700e-02 -2.604657109336e-02
37.600000000000 -2.660887238573e-02 -2.660882142263e-02
37.700000000000 -2.691674751948e-02 -2.692354285246e-02
37.800000000000 -2.698897676565e-02 -2.698904844337e-02
37.900000000000 -2.680590071762e-02 -2.680594393674e-02
38.000000000000 -2.637707846267e-02 -2.637711318675e-02
38.100000000000 -2.570765132667e-02 -2.570768276315e-02
38.200000000000 -2.480493569116e-02 -2.480496611231e-02
38.300000000000 -2.367835711447e-02 -2.367838785061e-02
38.400000000000 -2.233935692482e-02 -2.233938894504e-02
38.500000000000 -2.080127956847e-02 -2.080131370968e-02
38.600000000000 -1.907924262949e-02 -1.907927971111e-02
38.700000000000 -1.718999093363e-02 -1.719003183030e-02
38.800000000000 -1.515173617084e-02 -1.515178187070e-02
38.900000000000 -1.298398357000e-02 -1.298403523187e-02
39.000000000000 -1.070734726492e-02 -1.070740628279e-02
39.100000000000 -8.343356086671e-03 -8.343424168752e-03
39.200000000000 -5.914251598706e-03 -5.914330869438e-03
39.300000000000 -3.442780256159e-03 -3.442873392091e-03
39.400000000000 -9.519816176505e-04 -9.520920329877e-04
39.500000000000 1.535025434176e-03 1.534893328641e-03
39.600000000000 3.995256499605e-03 3.995096927106e-03
39.700000000000 6.406073547423e-03 6.405878825460e-03
39.800000000000 8.745392971503e-03 8.745152701265e-03
39.900000000000 1.099188798696e-02 1.099158779631e-02
40.000000000000 1.312518366513e-02 1.312480318275e-02
40.100000000000 1.512604314150e-02 1.512555257413e-02
40.200000000000 1.697654400476e-02 1.697589800190e-02
40.300000000000 1.866024500031e-02 1.865937078586e-02
40.400000000000 2.016234640010e-02 2.016111834829e-02
40.500000000000 2.146985880178e-02 2.146803555710e-02
40.600000000000 2.257184871631e-02 2.256887942976e-02
40.700000000000 2.346022488808e-02 2.345436618726e-02
40.800000000000 2.414067697543e-02 2.411724981359e-02
40.900000000000 2.453378018671e-02 2.455238145012e-02
41.000000000000 2.474870431425e-02 2.475674913368e-02
41.100000000000 2.472374377667e-02 2.472949757090e-02
41.200000000000 2.446708234620e-02 2.447192782737e-02
41.300000000000 2.398304314894e-02 2.398747699717e-02
41.400000000000 2.327740846415e-02 2.328167810380e-02
41.500000000000 2.235784250849e-02 2.236210066660e-02
41.600000000000 2.123391429998e-02 2.123827254525e-02
41.700000000000 1.991703185480e-02 1.992158384709e-02
41.800000000000 1.842034021582e-02 1.842517384679e-02
41.900000000000 1.675859701567e-02 1.676380202321e-02
42.000000000000 1.494803070005e-02 1.495370446291e-02
42.100000000000 1.300618416746e-02 1.301243701260e-02
42.200000000000 1.095174583751e-02 1.095870668229e-02
42.300000000000 8.804369905956e-03 8.812192906094e-03
42.400000000000 6.584487440207e-03 6.593360357664e-03
42.500000000000 4.313109887211e-03 4.323265091268e-03
42.600000000000 2.011626437276e-03 2.023355836580e-03
42.700000000000 -2.984035523547e-04 -2.847276844880e-04
42.800000000000 -2.595462322342e-03 -2.579357528181e-03
42.900000000000 -4.858289767418e-03 -4.839119490897e-03
43.000000000000 -7.066105543243e-03 -7.043012380095e-03
43.100000000000 -9.198842335837e-03 -9.170642741809e-03
43.200000000000 -1.123740260949e-02 -1.120241324016e-02
43.300000000000 -1.316396784883e-02 -1.311970294865e-02
43.400000000000 -1.496243186575e-02 -1.490503789349e-02
43.500000000000 -1.661915204773e-02 -1.654225028514e-02
43.600000000000 -1.812462462307e-02 -1.801662498425e-02
43.700000000000 -1.947842948399e-02 -1.931503187194e-02
43.800000000000 -2.071025365133e-02 -2.042604292985e-02
43.900000000000 -2.205881531653e-02 -2.134003298197e-02
44.000000000000 -1.893320500786e-02 -2.204926320600e-02
44.100000000000 -2.195003797676e-02 -2.254794668637e-02
44.200000000000 -2.246374361094e-02 -2.283229545052e-02
44.300000000000 -2.261389703813e-02 -2.290054860611e-02
44.400000000000 -2.250538347538e-02 -2.275298137411e-02
44.500000000000 -2.216463930082e-02 -2.239189499309e-02
44.600000000000 -2.160444497006e-02 -2.182158764918e-02
44.700000000000 -2.083471900204e-02 -2.104830676368e-02
44.800000000000 -1.986536139608e-02 -2.008018314444e-02
44.900000000000 -1.870717752944e-02 -1.892714767578e-02
45.000000000000 -1.737218613068e-02 -1.760083138372e-02
45.100000000000 -1.587368430422e-02 -1.611444986711e-02
45.200000000000 -1.422619795774e-02 -1.448267322913e-02
45.300000000000 -1.244536770872e-02 -1.272148277678e-02
45.400000000000 -1.054779105436e-02 -1.084801587654e-02
45.500000000000 -8.550828646789e-03 -8.880400461875e-03
45.600000000000 -6.472375148217e-03 -6.837580781203e-03
45.700000000000 -4.330588944459e-03 -4.739136052902e-03
45.800000000000 -2.143567266050e-03 -2.605093755700e-03
45.900000000000 7.105900651980e-05 -4.557393285122e-04
46.000000000000 2.296658541555e-03 1.688575917597e-03
46.100000000000 4.518350712788e-03 3.807626860944e-03
46.200000000000 6.724151285982e-03 5.881504795323e-03
46.300000000000 8.906879256351e-03 7.890804034201e-03
46.400000000000 1.106764354688e-02 9.816803145798e-03
46.500000000000 1.322291681125e-02 1.164163912744e-02
46.600000000000 1.542075643575e-02 1.334847289894e-02
46.700000000000 1.778435916777e-02 1.492164458139e-02
46.800000000000 2.065878425942e-02 1.634681712821e-02
46.900000000000 2.533476904341e-02 1.761110698961e-02
47.000000000000 4.305889812809e-02 1.870320061749e-02
47.100000000000 -9.531341495161e-03 1.961345575495e-02
47.200000000000 1.009207027811e-02 2.033398660132e-02
47.300000000000 1.418867781621e-02 2.085873209824e-02
47.400000000000 1.597943379699e-02 2.118350674423e-02
47.500000000000 1.686751236436e-02 2.130603351156e-02
47.600000000000 1.723043415110e-02 2.122595860991e-02
47.700000000000 1.721324487692e-02 2.094484801329e-02
47.800000000000 1.688504225671e-02 2.046616583957e-02
47.900000000000 1.628460723137e-02 1.979523484317e-02
48.000000000000 1.543702585041e-02 1.893917944981e-02
48.100000000000 1.436064742486e-02 1.790685192639e-02
48.200000000000 1.307022694729e-02 1.670874243649e-02
48.300000000000 1.157833263409e-02 1.535687388292e-02
48.400000000000 9.895837878593e-03 1.386468257950e-02
48.500000000000 8.031822750716e-03 1.224688592602e-02
48.600000000000 5.992974602590e-03 1.051933837964e-02
48.700000000000 3.782419352819e-03 8.698877123282e-03
48.800000000000 1.397743302536e-03 6.803158925280e-03
48.900000000000 -1.172309683018e-03 4.850489763438e-03
49.000000000000 -3.953520359975e-03 2.859648851049e-03
49.100000000000 -6.996497174853e-03 8.497087505967e-04
49.200000000000 -1.039671750459e-02 -1.160146706792e-03
49.300000000000 -1.433719575412e-02 -3.150804962193e-03
49.400000000000 -1.919078215209e-02 -5.103405996658e-03
49.500000000000 -2.580941759561e-02 -6.999520609604e-03
49.600000000000 -3.657483913114e-02 -8.821324024758e-03
49.700000000000 -6.138157487745e-02 -1.055176318976e-02
49.800000000000 -2.527648695276e-01 -1.217471620007e-02
49.900000000000 8.185355203617e-02 -1.367514235706e-02
50.000000000000 2.634825759203e-02 -1.503922146347e-02
50.100000000000 1.084668257202e-02 -1.625448106537e-02
50.200000000000 3.239686746369e-03 -1.730991046836e-02
50.300000000000 -1.374281672108e-03 -1.819606048447e-02
50.400000000000 -4.464967558350e-03 -1.890512800473e-02
50.500000000000 -6.624207437344e-03 -1.943102463974e-02
50.600000000000 -8.135482681762e-03 -1.976942882343e-02
50.700000000000 -9.151676239105e-03 -1.991782093492e-02
50.800000000000 -9.763116056052e-03 -1.987550115572e-02
50.900000000000 -1.002751753118e-02 -1.964358994465e-02
51.000000000000 -9.984562462983e-03 -1.922501117887e-02
51.100000000000 -9.663552414682e-03 -1.862445817368e-02
51.200000000000 -9.087653017393e-03 -1.784834295674e-02
51.300000000000 -8.276331968421e-03 -1.690472933027e-02
51.400000000000 -7.246773781827e-03 -1.580325040783e-02
51.500000000000 -6.014673570803e-03 -1.455501145819e-02
51.600000000000 -4.594621205451e-03 -1.317247902635e-02
51.700000000000 -3.000182361004e-03 -1.166935742979e-02
51.800000000000 -1.243716589072e-03 -1.006045384523e-02
51.900000000000 6.640810637186e-04 -8.361533306424e-03
52.000000000000 2.714988288383e-03 -6.589165025953e-03
52.100000000000 4.904576140778e-03 -4.760561532853e-03
52.200000000000 7.234363350375e-03 -2.893412181900e-03
52.300000000000 9.715440786535e-03 -1.005712639931e-03
52.400000000000 1.237488321142e-02 8.844080117317e-04
52.500000000000 1.526786540403e-02 2.758860901534e-03
52.600000000000 1.850255343818e-02 4.599770059140e-03
52.700000000000 2.229706503499e-02 6.389642528217e-03
52.800000000000 2.713030944462e-02 8.111534283905e-03
52.900000000000 3.423646199330e-02 9.749210382984e-03
53.000000000000 4.791777170688e-02 1.128729783422e-02
53.100000000000 9.984270707480e-02 1.271142975017e-02
53.200000000000 -1.219037225584e-01 1.400837942904e-02
53.300000000000 -1.780983779516e-02 1.516618311524e-02
53.400000000000 -7.070711163913e-04 1.617425029892e-02
53.500000000000 6.736699676093e-03 1.702346053709e-02
53.600000000000 1.104378293049e-02 1.770624591061e-02
53.700000000000 1.387325558468e-02 1.821665837117e-02
53.800000000000 1.584030966776e-02 1.855042137887e-02
53.900000000000 1.722576841381e-02 1.870496538297e-02
54.000000000000 1.817692954345e-02 1.867944685419e-02
54.100000000000 1.877978225300e-02 1.847475073500e-02
54.200000000001 1.908942287334e-02 1.809347633350e-02
54.300000000001 1.914439767675e-02 1.753990684472e-02
54.400000000001 1.897406085573e-02 1.681996283932e-02
54.500000000001 1.860259783761e-02 1.594114021244e-02
54.600000000001 1.805133238996e-02 1.491243323243e-02
54.700000000001 1.734009414905e-02 1.374424347046e-02
54.800000000001 1.648804434863e-02 1.244827552478e-02
54.900000000001 1.551417509579e-02 1.103742057745e-02
55.000000000001 1.443760460931e-02 9.525628934909e-03
55.100000000001 1.327774120995e-02 7.927772806342e-03
55.200000000001 1.205436128932e-02 6.259500663478e-03
55.300000000001 1.078763068700e-02 4.537084602719e-03
55.400000000001 9.498089652668e-03 2.777262193462e-03
55.500000000001 8.206616114245e-03 9.970743452447e-04
55.600000000001 6.934378833279e-03 -7.862992397173e-04
55.700000000001 5.702790398696e-03 -2.555705443254e-03
55.800000000001 4.533469472105e-03 -4.294182348291e-03
55.900000000001 3.448222074174e-03 -5.985121518999e-03
56.000000000001 2.469052994124e-03 -7.612426393569e-03
56.100000000001 1.618220780127e-03 -9.160665280767e-03
56.200000000001 9.183535912670e-04 -1.061521750732e-02
56.300000000001 3.926491037910e-04 -1.196241133295e-02
56.400000000001 6.519074438754e-05 -1.318965233278e-02
56.500000000001 -3.857342359686e-05 -1.428554104168e-02
56.600000000001 1.088792557560e-04 -1.523997876197e-02
56.700000000001 5.381909218022e-04 -1.604426055213e-02
56.800000000001 1.284665193274e-03 -1.669115454022e-02
56.900000000001 2.390567119728e-03 -1.717496683942e-02
57.000000000001 3.908614526201e-03 -1.749159148334e-02
57.100000000001 5.907407631572e-03 -1.763854494420e-02
57.200000000001 8.480138429999e-03 -1.761498494653e-02
57.300000000001 1.175910816770e-02 -1.742171344044e-02
57.400000000001 1.594109705376e-02 -1.706116375149e-02
57.500000000001 2.133436319803e-02 -1.653737207595e-02
57.600000000001 2.845232507532e-02 -1.585593364035e-02
57.700000000001 3.821876129877e-02 -1.502394399101e-02
57.800000000001 5.247778804586e-02 -1.404992602062e-02
57.900000000001 7.551067744845e-02 -1.294374347476e-02
58.000000000001 1.200165614554e-01 -1.171650180905e-02
58.100000000001 2.476406387855e-01 -1.038043738712e-02
58.200000000001 6.896947330508e+00 -8.948796118923e-03
58.300000000001 -2.839369683854e-01 -7.435702737642e-03
58.400000000001 -1.405327826560e-01 -5.856022000165e-03
58.500000000001 -9.272715777233e-02 -4.225213170463e-03
58.600000000001 -6.809404403328e-02 -2.559179206096e-03
58.700000000001 -5.261288630273e-02 -8.741121152533e-04
58.800000000001 -4.168170113567e-02 8.136640153946e-04
58.900000000001 -3.335208713248e-02 2.487850803366e-03
59.000000000001 -2.666250684210e-02 4.132332641206e-03
59.100000000001 -2.108740643569e-02 5.731331544121e-03
59.200000000001 -1.631805715172e-02 7.269558288500e-03
59.300000000001 -1.216328182689e-02 8.732358395221e-03
59.400000000001 -8.499911823023e-03 1.010585156514e-02
59.500000000001 -5.246121386933e-03 1.137706324105e-02
59.600000000001 -2.346174213148e-03 1.253404704992e-02
59.700000000001 2.387518533881e-04 1.356599697023e-02
59.800000000001 2.536322071684e-03 1.446334817181e-02
59.900000000001 4.566789068794e-03 1.521786558710e-02
60.000000000001 6.345503060926e-03 1.582271939401e-02
60.100000000001 7.884638120331e-03 1.627254671877e-02
60.200000000001 9.194404056465e-03 1.656349900190e-02
60.300000000001 1.028391053203e-02 1.669327461026e-02
60.400000000001 1.116178933804e-02 1.666113642166e-02
60.500000000001 1.183664390621e-02 1.646791425395e-02
60.600000000001 1.231737218775e-02 1.611599215755e-02
60.700000000001 1.261339440727e-02 1.560928073577e-02
60.800000000001 1.273480769920e-02 1.495317480202e-02
60.900000000001 1.269248335190e-02 1.415449682308e-02
61.000000000001 1.249811816825e-02 1.322142673414e-02
61.100000000001 1.216424858521e-02 1.216341884089e-02
61.200000000001 1.170423422581e-02 1.099110664710e-02
61.300000000001 1.113221619301e-02 9.716196560205e-03
61.400000000001 1.046305446442e-02 8.351351532434e-03
61.500000000001 9.712248081407e-03 6.910065789448e-03
61.600000000001 8.895841361493e-03 5.406531881388e-03
61.700000000001 8.030319038274e-03 3.855501362222e-03
61.800000000001 7.132493010837e-03 2.272140461346e-03
61.900000000001 6.219383235933e-03 6.718821562017e-04
62.000000000001 5.308095204230e-03 -9.297239142882e-04
62.100000000001 4.415696395600e-03 -2.517162238571e-03
62.200000000001 3.559094102363e-03 -4.075101463775e-03
62.300000000001 2.754917043542e-03 -5.588542220802e-03
62.400000000001 2.019403272308e-03 -7.042961319675e-03
62.500000000001 1.368297013389e-03 -8.424450930448e-03
62.600000000001 8.167572749784e-04 -9.719851417087e-03
62.700000000001 3.792813877272e-04 -1.091687655664e-02
62.800000000001 6.964707251157e-05 -1.200422995293e-02
62.900000000001 -9.912271073562e-05 -1.297171154240e-02
63.000000000001 -1.147669386705e-04 -1.381031318827e-02
63.100000000001 3.424083927164e-05 -1.451230246759e-02
63.200000000001 3.587629717860e-04 -1.507129387215e-02
63.300000000001 8.691228102377e-04 -1.548230676819e-02
63.400000000001 1.575300394099e-03 -1.574180958954e-02
63.500000000001 2.487221363387e-03 -1.584774987351e-02
63.600000000001 3.615172065582e-03 -1.579956988701e-02
63.700000000001 4.970390037455e-03 -1.559820773022e-02
63.800000000001 6.565905080869e-03 -1.524608394631e-02
63.900000000001 8.417749043908e-03 -1.474707380589e-02
64.000000000001 1.054672514602e-02 -1.410646557300e-02
64.100000000001 1.298105514463e-02 -1.333090519457e-02
64.200000000001 1.576045466070e-02 -1.242832798557e-02
64.300000000001 1.894262829438e-02 -1.140787800655e-02
64.400000000001 2.261405974675e-02 -1.027981594764e-02
64.500000000001 2.690885200979e-02 -9.055416442384e-03
64.600000000001 3.204367542957e-02 -7.746855834790e-03
64.700000000001 3.838765654188e-02 -6.367091512825e-03
64.800000000001 4.661627623517e-02 -4.929734000453e-03
64.900000000001 5.809689804904e-02 -3.448913067432e-03
65.000000000001 7.604941728249e-02 -1.939139170816e-03
65.100000000001 1.102178570658e-01 -4.151615839899e-04
65.200000000001 2.100483436429e-01 1.108175402301e-03
65.300000000001 -1.138234206349e+01 2.616076807326e-03
65.400000000001 -1.684461214135e-01 4.093940415001e-03
65.500000000001 -7.354015491288e-02 5.527497966695e-03
65.600000000001 -4.046263875713e-02 6.902952728579e-03
65.700000000001 -2.310148725381e-02 8.207112108567e-03
65.800000000001 -1.212127798286e-02 9.427514049250e-03
65.900000000001 -4.400659552556e-03 1.055254598689e-02
66.000000000001 1.396385074761e-03 1.157155524169e-02
66.100000000001 5.934739192134e-03 1.247494979056e-02
66.200000000001 9.580990242923e-03 1.325428846972e-02
66.300000000001 1.255298257064e-02 1.390235975919e-02
66.400000000001 1.498795148090e-02 1.441324841442e-02
66.500000000000 1.697665894398e-02 1.478238933009e-02
66.600000000000 1.858180683762e-02 1.500660814635e-02
66.700000000000 1.984857259284e-02 1.508414823799e-02
66.800000000000 2.081093278796e-02 1.501468386003e-02
66.900000000000 2.149560940165e-02 1.479931935796e-02
67.000000000000 2.192461098437e-02 1.444057448685e-02
67.100000000000 2.211690944737e-02 1.394235601780e-02
67.200000000000 2.208956591305e-02 1.330991594330e-02
67.300000000000 2.185849405076e-02 1.254979672226e-02
67.400000000000 2.143897789009e-02 1.166976413017e-02
67.500000000000 2.084601891683e-02 1.067872839907e-02
67.600000000000 2.009456160547e-02 9.586654443638e-03
67.700000000000 1.919963053687e-02 8.404462074263e-03
67.800000000000 1.817640203121e-02 7.143917192379e-03
67.900000000000 1.704022656546e-02 5.817515049040e-03
68.000000000000 1.580661382041e-02 4.438356721717e-03
68.100000000000 1.449118921131e-02 3.020020027539e-03
68.200000000000 1.310962870115e-02 1.576426142127e-03
68.300000000000 1.167757725879e-02 1.217032318033e-04
68.400000000000 1.021055530304e-02 -1.329951567320e-03
68.500000000000 8.723856733833e-03 -2.764410477075e-03
68.600000000000 7.232441603536e-03 -4.167752365891e-03
68.700000000000 5.750826065361e-03 -5.526397665893e-03
68.800000000000 4.292971910137e-03 -6.827239612335e-03
68.900000000000 2.872177739206e-03 -8.057770538273e-03
69.000000000000 1.500973600006e-03 -9.206202008580e-03
69.100000000000 1.910207182434e-04 -1.026157764035e-02
69.200000000000 -1.046982213307e-03 -1.121387753069e-02
69.300000000000 -2.203384891025e-03 -1.205411329728e-02
69.400000000000 -3.269662257621e-03 -1.277441283066e-02
69.500000000000 -4.238481366011e-03 -1.336809395976e-02
69.600000000000 -5.103757403143e-03 -1.382972634183e-02
69.700000000000 -5.860698173245e-03 -1.415518100422e-02
69.800000000000 -6.505836485580e-03 -1.434166708714e-02
69.900000000000 -7.037050036841e-03 -1.438775546195e-02
70.000000000000 -7.453568522574e-03 -1.429338902839e-02
70.100000000000 -7.755967855036e-03 -1.405987962387e-02
70.200000000000 -7.946151505957e-03 -1.368989160881e-02
70.300000000000 -8.027319131046e-03 -1.318741232126e-02
70.400000000000 -8.003922767811e-03 -1.255770972160e-02
70.500000000000 -7.881611028500e-03 -1.180727767179e-02
70.600000000000 -7.667161834718e-03 -1.094376941326e-02
70.700000000000 -7.368404358599e-03 -9.975919920756e-03
70.800000000000 -6.994130946421e-03 -8.913457916346e-03
70.900000000000 -6.553999903406e-03 -7.767008426428e-03
71.000000000000 -6.058430112270e-03 -6.547986854645e-03
71.100000000000 -5.518488542316e-03 -5.268485623787e-03
71.200000000000 -4.945771779766e-03 -3.941154509644e-03
71.300000000000 -4.352282773196e-03 -2.579075848462e-03
71.400000000000 -3.750304040042e-03 -1.195635846754e-03
71.500000000000 -3.152268620912e-03 1.956067428020e-04
71.600000000000 -2.570630097968e-03 1.581053293019e-03
71.700000000000 -2.017733012020e-03 2.947198025060e-03
71.800000000000 -1.505685020686e-03 4.280759488737e-03
71.900000000000 -1.046232137677e-03 5.568809521751e-03
72.000000000000 -6.506383819864e-04 6.798898436992e-03
72.100000000000 -3.295711469502e-04 7.959175226809e-03
72.200000000000 -9.299357471241e-05 9.038501624631e-03
72.300000000000 4.993480577742e-05 1.002655892697e-02
72.400000000000 9.094794596007e-05 1.091394655205e-02
72.500000000000 2.275244030731e-05 1.169227139432e-02
72.600000000000 -1.609052156989e-04 1.235422712610e-02
72.700000000000 -4.651844836786e-04 1.289366269758e-02
72.800000000000 -8.941110130878e-04 1.330563939366e-02
72.900000000000 -1.450552598371e-03 1.358647591907e-02
73.000000000000 -2.136212392631e-03 1.373378110126e-02
73.100000000000 -2.951641203311e-03 1.374647392243e-02
73.200000000000 -3.896271170664e-03 1.362479071604e-02
73.300000000000 -4.968473879373e-03 1.337027948911e-02
73.400000000000 -6.165647126917e-03 1.298578145683e-02
73.500000000000 -7.484336411344e-03 1.247540000102e-02
73.600000000000 -8.920400107692e-03 1.184445738583e-02
73.700000000000 -1.046923196071e-02 1.109943968276e-02
73.800000000000 -1.212606213084e-02 1.024793047123e-02
73.900000000000 -1.388637075886e-02 9.298533988958e-03
74.000000000000 -1.574646992391e-02 8.260788507770e-03
74.100000000000 -1.770434887202e-02 7.145070804031e-03
74.200000000000 -1.976094961844e-02 5.962492677832e-03
74.300000000000 -2.192218009459e-02 4.724790550290e-03
74.400000000000 -2.420225885246e-02 3.444209233537e-03
74.500000000000 -2.662961221458e-02 2.133381022259e-03
74.600000000000 -2.925802731661e-02 8.052012986182e-04
74.700000000000 -3.218963233518e-02 -5.272981263777e-04
74.800000000000 -3.562772038825e-02 -1.851076692754e-03
74.900000000000 -4.001753896644e-02 -3.153212543332e-03
75.000000000000 -4.651241526111e-02 -4.421028503170e-03
75.100000000000 -5.919385352070e-02 -5.642215359754e-03
75.200000000000 -1.097125547005e-01 -6.804951246246e-03
75.300000000000 8.229358986769e-02 -7.898015970934e-03
75.400000000000 -4.423717136823e-04 -8.910899188088e-03
75.500000000000 -1.517979048553e-02 -9.833901368161e-03
75.600000000000 -2.169064758928e-02 -1.065822659802e-02
75.700000000000 -2.547462888320e-02 -1.137606632391e-02
75.800000000000 -2.795729369820e-02 -1.198067324053e-02
75.900000000000 -2.967101111766e-02 -1.246642462747e-02
76.000000000000 -3.085886168848e-02 -1.282887453928e-02
76.100000000000 -3.164751098520e-02 -1.306479436535e-02
76.200000000000 -3.210982219859e-02 -1.317220139101e-02
76.300000000000 -3.229137114229e-02 -1.315037510879e-02
76.400000000000 -3.222300953473e-02 -1.299986114962e-02
76.500000000000 -3.192734161389e-02 -1.272246282454e-02
76.600000000000 -3.142228577052e-02 -1.232122038908e-02
76.700000000000 -3.072313174046e-02 -1.180037826165e-02
76.800000000000 -2.984377166480e-02 -1.116534054511e-02
76.900000000000 -2.879745284517e-02 -1.042261531355e-02
77.000000000000 -2.759724047521e-02 -9.579748235800e-03
77.100000000000 -2.625629714462e-02 -8.645246209321e-03
77.200000000000 -2.478804225939e-02 -7.628491775015e-03
77.300000000000 -2.320623015743e-02 -6.539649171274e-03
77.400000000000 -2.152497160711e-02 -5.389562965695e-03
77.500000000000 -1.975871496799e-02 -4.189650273199e-03
77.600000000000 -1.792219813578e-02 -2.951787629715e-03
77.700000000000 -1.603037914953e-02 -1.688193640429e-03
77.800000000000 -1.409835125212e-02 -4.113085603628e-04
77.900000000000 -1.214124682100e-02 8.663280075931e-04
78.000000000000 -1.017413366120e-02 2.132200096350e-03
78.100000000000 -8.211906514624e-03 3.373937835203e-03
78.200000000000 -6.269176186169e-03 4.579438190409e-03
78.300000000000 -4.360158354800e-03 5.736982808352e-03
78.400000000000 -2.498563883452e-03 6.835351814934e-03
78.500000000000 -6.974922387846e-04 7.863932466965e-03
78.600000000000 1.030670538275e-03 8.812821604195e-03
78.700000000000 2.674348019507e-03 9.672920913651e-03
78.800000000000 4.222862578833e-03 1.043602409053e-02
78.900000000000 5.666516558465e-03 1.109489506124e-02
79.000000000000 6.996664511582e-03 1.164333652347e-02
79.100000000000 8.205775745301e-03 1.207624815475e-02
79.200000000000 9.287486511306e-03 1.238967394336e-02
79.300000000000 1.023664131541e-02 1.258083820323e-02
79.400000000000 1.104932294158e-02 1.264816994623e-02
79.500000000000 1.172287091038e-02 1.259131539988e-02
79.600000000000 1.225588821597e-02 1.241113857499e-02
79.700000000000 1.264823630897e-02 1.210970990514e-02
79.800000000000 1.290101841399e-02 1.169028309631e-02
79.900000000000 1.301655138953e-02 1.115726044036e-02
80.000000000000 1.299832645343e-02 1.051614695834e-02
80.100000000000 1.285095920802e-02 9.773493848070e-03
80.200000000000 1.258012950503e-02 8.936831814268e-03
80.300000000000 1.219251178971e-02 8.014594957152e-03
80.400000000000 1.169569665611e-02 7.016035986447e-03
80.500000000000 1.109810443020e-02 5.951133610987e-03
80.600000000000 1.040889167326e-02 4.830493028786e-03
80.700000000000 9.637851564897e-03 3.665240508042e-03
80.800000000000 8.795309181696e-03 2.466913105160e-03
80.900000000000 7.892012733974e-03 1.247344611228e-03
81.000000000000 6.939021858810e-03 1.854885290316e-05
81.100000000000 5.947594092060e-03 -1.207398502920e-03
81.200000000000 4.929070655403e-03 -2.418478479152e-03
81.300000000000 3.894762696437e-03 -3.602846491039e-03
81.400000000000 2.855839110480e-03 -4.748948069644e-03
81.500000000000 1.823217052231e-03 -5.845631476647e-03
81.600000000000 8.074562139213e-04 -6.882256113773e-03
81.700000000000 -1.813420954388e-04 -7.848795673801e-03
81.800000000000 -1.133630087357e-03 -8.735935033914e-03
81.900000000000 -2.040501927113e-03 -9.535159955669e-03
82.000000000000 -2.893774613150e-03 -1.023883872844e-02
82.100000000000 -3.686060531732e-03 -1.084029497396e-02
82.200000000000 -4.410831002394e-03 -1.133387091804e-02
82.300000000000 -5.062470222583e-03 -1.171498053039e-02
82.400000000000 -5.636319118427e-03 -1.198015203404e-02
82.500000000000 -6.128708711614e-03 -1.212705939145e-02
82.600000000000 -6.536982719050e-03 -1.215454248276e-02
82.700000000000 -6.859509211044e-03 -1.206261580372e-02
82.800000000000 -7.095681264338e-03 -1.185246562333e-02
82.900000000000 -7.245906657065e-03 -1.152643565453e-02
83.000000000000 -7.311586762708e-03 -1.108800140412e-02
83.100000000000 -7.295084908194e-03 -1.054173347817e-02
83.200000000000 -7.199684566306e-03 -9.893250227538e-03
83.300000000000 -7.029537853606e-03 -9.149160221076e-03
83.400000000000 -6.789604901018e-03 -8.316995133485e-03
83.500000000000 -6.485584754166e-03 -7.405133727020e-03
83.600000000000 -6.123838543589e-03 -6.422717692364e-03
83.700000000000 -5.711305740248e-03 -5.379560192083e-03
83.800000000000 -5.255414378548e-03 -4.286048019889e-03
83.900000000000 -4.763986186701e-03 -3.153038349512e-03
84.000000000000 -4.245137612133e-03 -1.991751098034e-03
84.099999999999 -3.707177767247e-03 -8.136579692888e-04
84.199999999999 -3.158504347809e-03 3.696307267447e-04
84.299999999999 -2.607498592190e-03 1.546480363195e-03
84.399999999999 -2.062420354583e-03 2.705346270328e-03
84.499999999999 -1.531304358807e-03 3.834886873043e-03
84.599999999999 -1.021858681655e-03 4.924074584102e-03
84.699999999999 -5.413664858046e-04 5.962303369687e-03
84.799999999999 -9.659198236625e-05 6.939491938916e-03
84.899999999999 3.063084475093e-04 7.846181554054e-03
84.999999999999 6.618691037350e-04 8.673627513128e-03
85.099999999999 9.653909940417e-04 9.413883420752e-03
85.199999999999 1.213010320172e-03 1.005987743559e-02
85.299999999999 1.401758797305e-03 1.060547976342e-02
85.399999999999 1.529615279238e-03 1.104556075212e-02
85.499999999999 1.595548268846e-03 1.137603903867e-02
85.599999999999 1.599549008265e-03 1.159391929684e-02
85.699999999999 1.542654965782e-03 1.169731923747e-02
85.799999999999 1.426963666452e-03 1.168548561942e-02
85.899999999999 1.255636951160e-03 1.155879913752e-02
85.999999999999 1.032895894545e-03 1.131876816356e-02
86.099999999999 7.640067668533e-04 1.096801142555e-02
86.199999999999 4.552585897981e-04 1.051022981926e-02
86.299999999999 1.139330142411e-04 9.950167651956e-03
86.399999999999 -2.517325587596e-04 9.293563721591e-03
86.499999999999 -6.325874771787e-04 8.547092733701e-03
86.599999999999 -1.018614578400e-03 7.718297651894e-03
86.699999999999 -1.398979510879e-03 6.815513665744e-03
86.799999999999 -1.762080644597e-03 5.847784540720e-03
86.899999999999 -2.095597173534e-03 4.824772188000e-03
86.999999999999 -2.386532509629e-03 3.756660356845e-03
87.099999999999 -2.621249424624e-03 2.654053408055e-03
87.199999999999 -2.785492556922e-03 1.527871173317e-03
87.299999999999 -2.864392782382e-03 3.892409416148e-04
87.399999999999 -2.842446429671e-03 -7.506123600847e-04
87.499999999999 -2.703460222609e-03 -1.880476709146e-03
87.599999999999 -2.430449882785e-03 -2.989263165003e-03
87.699999999999 -2.005476111271e-03 -4.066114600590e-03
87.799999999999 -1.409395543467e-03 -5.100511922185e-03
87.899999999999 -6.214952134668e-04 -6.082376739276e-03
87.999999999999 3.810345811829e-04 -7.002169483074e-03
88.099999999999 1.623855095770e-03 -7.850982019109e-03
88.199999999999 3.136560663710e-03 -8.620623855393e-03
88.299999999999 4.954238982884e-03 -9.303701112423e-03
88.399999999999 7.119749884437e-03 -9.893687494150e-03
88.499999999999 9.687111717281e-03 -1.038498657919e-02
88.599999999999 1.272664801585e-02 -1.077298483824e-02
88.699999999999 1.633303055999e-02 -1.105409487609e-02
88.799999999999 2.063828293958e-02 -1.122578849357e-02
88.899999999999 2.583368712945e-02 -1.128661926578e-02
88.999999999999 3.220858454936e-02 -1.123623443658e-02
89.099999999999 4.022347986366e-02 -1.107537603465e-02
89.199999999999 5.065891292104e-02 -1.080587122267e-02
89.299999999999 6.495083304439e-02 -1.043061199684e-02
89.399999999999 8.605701616774e-02 -9.953524458606e-03
89.499999999999 1.211873763256e-01 -9.379527982164e-03
89.599999999999 1.936914803594e-01 -8.714484700399e-03
89.699999999999 4.453534508342e-01 -7.965139825844e-03
89.799999999999 -1.669145823834e+00 -7.139053412523e-03
89.899999999999 -2.883499049527e-01 -6.244524247345e-03
89.999999999999 -1.546406065495e-01 -5.290506635732e-03
90.099999999999 -1.028831084975e-01 -4.286520914450e-03
90.199999999999 -7.468943739318e-02 -3.242558584587e-03
90.299999999999 -5.650062077111e-02 -2.168983008722e-03
90.399999999999 -4.349883291355e-02 -1.076426658027e-03
90.499999999999 -3.354646859076e-02 2.431407305461e-05
90.599999999999 -2.555397191051e-02 1.122385445025e-03
90.699999999999 -1.891076704324e-02 2.206983293328e-03
90.799999999999 -1.325050358077e-02 3.267459237784e-03
90.899999999999 -8.341878169450e-03 4.293425138225e-03
90.999999999999 -4.033048234305e-03 5.274854772454e-03
91.099999999999 -2.212444395286e-04 6.202181742013e-03
91.199999999999 3.164827131157e-03 7.066392650386e-03
91.299999999999 6.175675307012e-03 7.859114646642e-03
91.399999999999 8.847785676140e-03 8.572696484798e-03
91.499999999999 1.120804790875e-02 9.200282314652e-03
91.599999999999 1.327674201894e-02 9.735877492920e-03
91.699999999999 1.506960473753e-02 1.017440578341e-02
91.799999999999 1.659929070411e-02 1.051175740098e-02
91.899999999999 1.787642436931e-02 1.074482744510e-02
91.999999999999 1.891036786991e-02 1.087154436451e-02
92.099999999999 1.970978693893e-02 1.089088819283e-02
92.199999999999 2.028306981197e-02 1.080289839672e-02
92.299999999999 2.063863670462e-02 1.060867128019e-02
92.399999999999 2.078516605598e-02 1.031034699176e-02
92.499999999999 2.073175615286e-02 9.911086283395e-03
92.599999999999 2.048803561945e-02 9.415037270622e-03
92.699999999999 2.006423273783e-02 8.827292541127e-03
92.799999999999 1.947121112108e-02 8.153837053429e-03
92.899999999999 1.872047754526e-02 7.401487357006e-03
92.999999999999 1.782416653212e-02 6.577822749556e-03
93.099999999999 1.679500540631e-02 5.691109065240e-03
93.199999999999 1.564626292621e-02 4.750215858882e-03
93.299999999999 1.439168413424e-02 3.764527814594e-03
93.399999999999 1.304541373980e-02 2.743851262507e-03
93.499999999999 1.162191010222e-02 1.698316733672e-03
93.599999999999 1.013585169438e-02 6.382785203856e-04
93.699999999999 8.602037784772e-03 -4.257877632592e-04
93.799999999999 7.035284960770e-03 -1.483388608058e-03
93.899999999999 5.450321020996e-03 -2.524116003353e-03
93.999999999999 3.861677681682e-03 -3.537749779729e-03
94.099999999999 2.283583466269e-03 -4.514357895167e-03
94.199999999999 7.298580748978e-04 -5.444393681266e-03
94.299999999999 -7.861905415145e-04 -6.318789098045e-03
94.399999999999 -2.251865251382e-03 -7.129043086940e-03
94.499999999999 -3.655173881737e-03 -7.867304161702e-03
94.599999999999 -4.984917431539e-03 -8.526446435283e-03
94.699999999999 -6.230771447777e-03 -9.100138347010e-03
94.799999999999 -7.383359741328e-03 -9.582903427650e-03
94.899999999999 -8.434319711824e-03 -9.970172519662e-03
94.999999999999 -9.376358647007e-03 -1.025832695521e-02
95.099999999999 -1.020330046162e-02 -1.044473228451e-02
95.199999999999 -1.091012244332e-02 -1.052776224096e-02
95.299999999999 -1.149298167778e-02 -1.050681272622e-02
95.399999999999 -1.194923093089e-02 -1.038230569709e-02
95.499999999999 -1.227742387303e-02 -1.015568293589e-02
95.599999999999 -1.247730963613e-02 -9.829389785399e-03
95.699999999999 -1.254981679983e-02 -9.406849028403e-03
95.799999999999 -1.249702700602e-02 -8.892425188468e-03
95.899999999999 -1.232213850109e-02 -8.291379622348e-03
95.999999999999 -1.202942000189e-02 -7.609816864504e-03
96.099999999999 -1.162415537272e-02 -6.854622769438e-03
96.199999999999 -1.111257968726e-02 -6.033395077304e-03
96.299999999999 -1.050180732900e-02 -5.154367101685e-03
96.399999999999 -9.799752857195e-03 -4.226325304831e-03
96.499999999999 -9.015045430338e-03 -3.258521584415e-03
96.599999999999 -8.156937636900e-03 -2.260581146347e-03
96.699999999999 -7.235209631458e-03 -1.242406880030e-03
96.799999999999 -6.260069514016e-03 -2.140811851241e-04
96.899999999999 -5.242050920540e-03 8.142337778385e-04
96.999999999999 -4.191908813250e-03 1.832396426936e-03
97.099999999999 -3.120514470072e-03 2.830385698507e-03
97.199999999999 -2.038750673618e-03 3.798399602823e-03
97.299999999999 -9.574080913245e-04 4.726951427193e-03
97.399999999999 1.129161800314e-04 5.606962642909e-03
97.499999999999 1.161916959968e-03 6.429851606740e-03
97.599999999999 2.179675311476e-03 7.187617190837e-03
97.699999999999 3.156747986594e-03 7.872916526560e-03
97.799999999999 4.084251180912e-03 8.479136107271e-03
97.899999999999 4.953937848741e-03 9.000455562030e-03
97.999999999999 5.758267898892e-03 9.431903485656e-03
98.099999999999 6.490470665408e-03 9.769404790097e-03
98.199999999999 7.144599127487e-03 1.000981912658e-02
98.299999999999 7.715575437392e-03 1.015097001696e-02
98.399999999999 8.199227403450e-03 1.019166442477e-02
98.499999999999 8.592315666542e-03 1.013170259152e-02
98.599999999999 8.892551401675e-03 9.971878059688e-03
98.699999999999 9.098604470546e-03 9.713967901060e-03
98.799999999999 9.210102045434e-03 9.360713265428e-03
98.899999999999 9.227617818324e-03 8.915790459847e-03
98.999999999999 9.152652001078e-03 8.383772861695e-03
99.099999999999 8.987602411633e-03 7.770084058489e-03
99.199999999999 8.735727027000e-03 7.080942693214e-03
99.299999999999 8.401098465125e-03 6.323299574767e-03
99.399999999999 7.988550934002e-03 5.504767688342e-03
99.499999999999 7.503620256748e-03 4.633545809388e-03
99.599999999999 6.952477645264e-03 3.718336486525e-03
99.699999999999 6.341857951786e-03 2.768259212873e-03
99.799999999999 5.678983176735e-03 1.792759651199e-03
99.899999999999 4.971482052226e-03 8.015158155387e-04
99.999999999999 4.227306553064e-03 -1.956578596994e-04
